692	960	7
0.0	-0.7071067690849304	-0.7071067690849304	0.3171706199645996	0.14293020963668823	1.0	3	0.0	0	0.0	0	0.0	-0.7040482759475708	-0.7101521492004395	0.9735222458839417	0.16233481466770172	-0.16094043850898743	0.22859224677085876	-0.6913489699363708	0.6854066252708435
0.16221170127391815	-0.5555701851844788	-0.8154931664466858	0.33695077896118164	0.12744277715682983	1.0	3	0.0	0	0.0	0	0.16257460415363312	-0.5527597665786743	-0.8173287510871887	0.9699053764343262	0.24169319868087769	0.029462527483701706	0.18125706911087036	-0.7975212931632996	0.5754177570343018
0.13794970512390137	-0.7071067690849304	-0.6935198903083801	0.32596874237060547	0.14623498916625977	1.0	3	0.0	0	0.0	0	0.13852684199810028	-0.7040483355522156	-0.6965101361274719	0.9762692451477051	0.21528682112693787	-0.023452576249837875	0.16646116971969604	-0.6767325401306152	0.7171636819839478
0.0	0.7071067690849304	-0.7071067690849304	0.5804774761199951	0.7781098484992981	1.0	3	0.0	0	0.0	0	0.0	0.7040482759475708	-0.7101521492004395	-0.9949910044670105	0.07098986208438873	0.07037966698408127	0.09996429830789566	0.7065950632095337	0.7005217671394348
0.16221168637275696	0.5555702447891235	-0.815493106842041	0.5516228079795837	0.7598159909248352	1.0	3	0.0	0	0.0	0	0.16257460415363312	0.5527597665786743	-0.8173287510871887	-0.96927809715271	0.2444263994693756	-0.02748923748731613	0.18458177149295807	0.79668790102005	0.5755154490470886
0.0	0.5555702447891235	-0.8314695954322815	0.5780119895935059	0.7551416158676147	1.0	3	0.0	0	0.0	0	0.0	0.5527548789978027	-0.8333439230918884	-0.9942540526390076	0.0892065167427063	0.05917063727974892	0.10704655945301056	0.8285555243492126	0.5495787262916565
0.0	-0.7071067690849304	-0.7071067690849304	0.9851089715957642	0.37079155445098877	1.0	3	0.0	0	0.0	0	0.0	-0.7040482759475708	-0.7101521492004395	0.19471096992492676	0.6965572834014893	-0.6905762553215027	0.9808606505393982	-0.1382744163274765	0.1370859146118164
0.10838638246059418	-0.8314696550369263	-0.5448950529098511	0.9748846292495728	0.385323166847229	1.0	3	0.0	0	0.0	0	0.1091972142457962	-0.8286536931991577	-0.5490074753761292	0.2412809431552887	0.5578886270523071	-0.7940678596496582	0.9642922282218933	-0.04575503617525101	0.2608582377433777
0.0	-0.8314696550369263	-0.5555701851844788	0.9702509641647339	0.3745773434638977	1.0	3	0.0	0	0.0	0	0.0	-0.828644871711731	-0.5597748160362244	0.2652309536933899	0.5397260785102844	-0.7989670634269714	0.9641848802566528	-0.14846958220005035	0.2197822481393814
0.0	0.5555702447891235	-0.8314695954322815	0.24813038110733032	0.19035595655441284	1.0	3	0.0	0	0.0	0	0.0	0.5527548789978027	-0.8333439230918884	0.6963847279548645	-0.5980653166770935	-0.396694153547287	-0.7176687121391296	-0.5803279876708984	-0.3849300444126129
0.1802399605512619	0.3826834261417389	-0.906127393245697	0.2827534079551697	0.18957734107971191	1.0	3	0.0	0	0.0	0	0.1803983896970749	0.38054266571998596	-0.9069970846176147	0.6315924525260925	-0.7517166137695312	-0.18977127969264984	-0.7540208101272583	-0.5386181473731995	-0.37595635652542114
0.0	0.3826834261417389	-0.9238795042037964	0.2709161639213562	0.21139419078826904	1.0	3	0.0	0	0.0	0	0.0	0.38054415583610535	-0.9247628450393677	0.6736709475517273	-0.6834287643432617	-0.2812342047691345	-0.7390314936637878	-0.6229857802391052	-0.2563615143299103
0.0746578574180603	-0.9238795042037964	-0.3753303289413452	0.9564913511276245	0.38782721757888794	1.0	3	0.0	0	0.0	0	0.07565730065107346	-0.9217128157615662	-0.3804228603839874	0.33444470167160034	0.382872998714447	-0.8611359000205994	0.9393736124038696	-0.062079187482595444	0.3372291028499603
6.920940620602778e-08	-0.9238795042037964	-0.3826831579208374	0.9532995820045471	0.3804253935813904	1.0	3	0.0	0	0.0	0	0.0	-0.9217141270637512	-0.38787010312080383	0.3426418900489807	0.3643908202648163	-0.8659191131591797	0.9394661784172058	-0.13290053606033325	0.31581786274909973
0.19134172797203064	0.19509035348892212	-0.9619396924972534	0.3095816969871521	0.20671522617340088	1.0	3	0.0	0	0.0	0	0.19138388335704803	0.1939169466495514	-0.9621686339378357	0.557791531085968	-0.8280934691429138	-0.055945541709661484	-0.8076143264770508	-0.5259824395179749	-0.2666489779949188
0.0	0.19509035348892212	-0.9807852506637573	0.29701536893844604	0.2298758625984192	1.0	3	0.0	0	0.0	0	0.0	0.19392059743404388	-0.9810172319412231	0.5843957662582397	-0.796065628528595	-0.15735693275928497	-0.8114688396453857	-0.5733023285865784	-0.11332637071609497
0.038060251623392105	-0.9807853102684021	-0.19134169816970825	0.9365334510803223	0.39188432693481445	1.0	3	0.0	0	0.0	0	0.0391865000128746	-0.9796015024185181	-0.1970922350883484	0.41139400005340576	0.19556771218776703	-0.890229344367981	0.9106149077415466	-0.04619758576154709	0.4106657803058624
2.8231209370233046e-08	-0.9807853102684021	-0.19509011507034302	0.9349063038825989	0.3881109356880188	1.0	3	0.0	0	0.0	0	0.0	-0.9795979857444763	-0.2009674310684204	0.4156801998615265	0.18278206884860992	-0.890954852104187	0.9095107913017273	-0.08353818207979202	0.4071994721889496
5.385959980230837e-07	-4.371138828673793e-08	-0.9999987483024597	0.3254251480102539	0.24509060382843018	1.0	3	0.0	0	0.0	0	0.0	0.0	-1.0	0.5416187644004822	-0.840624213218689	0.0	-0.840624213218689	-0.5416187644004822	0.0
0.19509033858776093	-4.371138828673793e-08	-0.9807852506637573	0.33823758363723755	0.22147637605667114	1.0	3	0.0	0	0.0	0	0.19507722556591034	0.0	-0.9807879328727722	0.4657980501651764	-0.8800277709960938	0.09264607727527618	-0.8631206154823303	-0.474922239780426	-0.17167338728904724
0.0	0.9807852506637573	-0.19509032368659973	0.6710804104804993	0.1170908510684967	1.0	3	0.0	0	0.0	0	0.0	0.9795979857444763	-0.2009674310684204	-0.8986471891403198	0.08815886080265045	0.42972227931022644	0.43867215514183044	0.18059881031513214	0.880312979221344
-8.076808910573163e-08	1.0	1.2087801337656856e-07	0.6809543371200562	0.1397167444229126	1.0	3	0.0	0	0.0	0	0.0	1.0	0.0	-0.9097205400466919	0.0	0.4152210056781769	0.4152210056781769	0.0	0.9097205400466919
0.038060251623392105	0.9807852506637573	-0.19134171307086945	0.667181670665741	0.11948080360889435	1.0	3	0.0	0	0.0	0	0.0391865000128746	0.9796015024185181	-0.1970922350883484	-0.9042586088180542	0.11869454383850098	0.41015586256980896	0.42518311738967896	0.1621498018503189	0.8904644250869751
0.0	-1.0	8.742277657347586e-08	0.9157779216766357	0.3973385691642761	1.0	3	0.0	0	0.0	0	0.0	-1.0	0.0	0.471396803855896	0.0	-0.8819212913513184	0.8819212913513184	0.0	0.471396803855896
5.385959980230837e-07	-4.371138828673793e-08	-0.9999987483024597	0.3153737783432007	0.6255285739898682	1.0	3	0.0	0	0.0	0	0.0	0.0	-1.0	-0.9216602444648743	-0.38799774646759033	0.0	-0.38799774646759033	0.9216602444648743	0.0
0.19134172797203064	-0.19509032368659973	-0.9619396924972534	0.30705779790878296	0.5971003770828247	1.0	3	0.0	0	0.0	0	0.19138388335704803	-0.1939169466495514	-0.9621686339378357	-0.9109316468238831	-0.400116503238678	-0.1005501002073288	-0.3654811978340149	0.8957135081291199	-0.25322091579437256
2.2567159874142817e-07	-0.19509032368659973	-0.9807846546173096	0.3228159546852112	0.6054079532623291	1.0	3	0.0	0	0.0	0	0.0	-0.19392059743404388	-0.9810172319412231	-0.9279387593269348	-0.36565831303596497	0.07227512449026108	-0.3727327287197113	0.910323977470398	-0.1799464374780655
0.0746578574180603	0.9238795042037964	-0.3753302991390228	0.6528429985046387	0.10148708522319794	1.0	3	0.0	0	0.0	0	0.07565730065107346	0.9217128157615662	-0.3804228603839874	-0.87507164478302	0.2442765235900879	0.4178260564804077	0.4780440032482147	0.30128565430641174	0.8250460624694824
0.0	0.9238795042037964	-0.3826834559440613	0.6600024104118347	0.09634379297494888	1.0	3	0.0	0	0.0	0	0.0	0.9217141270637512	-0.38787010312080383	-0.8656728863716125	0.19417019188404083	0.4614199101924896	0.5006100535392761	0.33576861023902893	0.7979028820991516
0.1802399754524231	-0.3826833963394165	-0.9061274528503418	0.3125147223472595	0.5774422287940979	1.0	3	0.0	0	0.0	0	0.1803983896970749	-0.38054266571998596	-0.9069970846176147	-0.9198294281959534	-0.3918805718421936	-0.018530163913965225	-0.3483830690383911	0.8376255035400391	-0.42072901129722595
1.9586927635373286e-07	-0.3826833963394165	-0.9238792061805725	0.327358603477478	0.5852678418159485	1.0	3	0.0	0	0.0	0	0.0	-0.38054415583610535	-0.9247628450393677	-0.931320309638977	-0.33680108189582825	0.1385909765958786	-0.3642010986804962	0.8612504005432129	-0.35440847277641296
0.0	0.9238795042037964	-0.3826834559440613	0.5857839584350586	0.8348467350006104	1.0	3	0.0	0	0.0	0	0.0	0.9217141270637512	-0.38787010312080383	-0.9952495694160461	0.037764664739370346	0.08973434567451477	0.09735719114542007	0.3860274851322174	0.9173354506492615
0.10838639736175537	0.8314695954322815	-0.5448951125144958	0.5654690265655518	0.8081462979316711	1.0	3	0.0	0	0.0	0	0.1091972142457962	0.8286536931991577	-0.5490074753761292	-0.9838883876800537	0.16875937581062317	0.05902498587965965	0.14156141877174377	0.5337166786193848	0.8337306380271912
0.0	0.8314695954322815	-0.5555702447891235	0.583101749420166	0.8050229549407959	1.0	3	0.0	0	0.0	0	0.0	0.828644871711731	-0.5597748160362244	-0.995337188243866	0.05399446561932564	0.07992853969335556	0.0964571014046669	0.5571646094322205	0.8247810006141663
0.16221170127391815	-0.5555701851844788	-0.8154931664466858	0.31546807289123535	0.5588393807411194	1.0	3	0.0	0	0.0	0	0.16257460415363312	-0.5527597665786743	-0.8173287510871887	-0.9334487915039062	-0.35460081696510315	0.05414328724145889	-0.31975364685058594	0.7541322112083435	-0.5736219882965088
0.0	-0.5555701851844788	-0.8314696550369263	0.32882726192474365	0.5658822059631348	1.0	3	0.0	0	0.0	0	0.0	-0.5527548789978027	-0.8333439230918884	-0.9339625835418701	-0.2978135943412781	0.19753719866275787	-0.3573707938194275	0.7783120274543762	-0.5162523984909058
0.13794970512390137	0.7071067690849304	-0.6935198903083801	0.5580353140830994	0.782085120677948	1.0	3	0.0	0	0.0	0	0.13852684199810028	0.7040483355522156	-0.6965101361274719	-0.9747858643531799	0.22115953266620636	0.029683366417884827	0.17493836581707	0.6748362183570862	0.7169327735900879
0.0746578574180603	0.9238795042037964	-0.3753302991390228	0.5736383199691772	0.8369981050491333	1.0	3	0.0	0	0.0	0	0.07565730065107346	0.9217128157615662	-0.3804228603839874	-0.9911172389984131	0.11136163026094437	0.07270029932260513	0.1093732938170433	0.371543288230896	0.9219506978988647
0.21260756254196167	0.8314695954322815	-0.513279914855957	0.5487732291221619	0.8146293759346008	1.0	3	0.0	0	0.0	0	0.2142139971256256	0.8286562561988831	-0.5171471834182739	-0.9599320292472839	0.27652087807655334	0.045460619032382965	0.18067322671413422	0.4866878390312195	0.854688286781311
0.31818971037864685	-0.5555701851844788	-0.7681776881217957	0.3004492521286011	0.5514081120491028	1.0	3	0.0	0	0.0	0	0.3188951313495636	-0.5527637600898743	-0.7699078917503357	-0.9035317301750183	-0.4226313829421997	-0.0708048939704895	-0.2862488329410553	0.7182154655456543	-0.6342145800590515
0.27059808373451233	0.7071067690849304	-0.6532814502716064	0.5367856025695801	0.7903364896774292	1.0	3	0.0	0	0.0	0	0.2717488706111908	0.7040627598762512	-0.6560855507850647	-0.9318447709083557	0.3628411591053009	0.0034140862990170717	0.24045856297016144	0.6104421019554138	0.7546789050102234
0.27059808373451233	-0.7071067690849304	-0.6532814502716064	0.30303192138671875	0.5356868505477905	1.0	3	0.0	0	0.0	0	0.2717488706111908	-0.7040627598762512	-0.6560855507850647	-0.9237682819366455	-0.38197851181030273	0.027290726080536842	-0.26982495188713074	0.5986547470092773	-0.7541930079460144
0.13794970512390137	-0.7071067690849304	-0.6935198903083801	0.3158043622970581	0.5420066118240356	1.0	3	0.0	0	0.0	0	0.13852684199810028	-0.7040483355522156	-0.6965101361274719	-0.9480031132698059	-0.2977463901042938	0.1124158501625061	-0.286529541015625	0.6447210311889648	-0.7086858153343201
0.16221168637275696	0.5555702447891235	-0.815493106842041	0.25878357887268066	0.17072129249572754	1.0	3	0.0	0	0.0	0	0.16257460415363312	0.5527597665786743	-0.8173287510871887	0.6794582009315491	-0.663372278213501	-0.31348660588264465	-0.7154759168624878	-0.504375696182251	-0.4834246039390564
0.27059808373451233	0.7071067690849304	-0.6532814502716064	0.24816691875457764	0.13209205865859985	1.0	3	0.0	0	0.0	0	0.2717488706111908	0.7040627598762512	-0.6560855507850647	0.7068630456924438	-0.6086629033088684	-0.36038053035736084	-0.6530653834342957	-0.36582961678504944	-0.6630793809890747
0.3181896507740021	0.5555702447891235	-0.7681776285171509	0.27004075050354004	0.1486387848854065	1.0	3	0.0	0	0.0	0	0.3188951313495636	0.5527637600898743	-0.7699078917503357	0.6559832692146301	-0.7150415778160095	-0.24166423082351685	-0.6840993762016296	-0.4279811680316925	-0.5906270742416382
0.13794970512390137	-0.7071067690849304	-0.6935198903083801	0.9910064935684204	0.3844683766365051	1.0	3	0.0	0	0.0	0	0.13852684199810028	-0.7040483355522156	-0.6965101361274719	0.1792885959148407	0.7094948291778564	-0.6815223693847656	0.9739949703216553	-0.03046717867255211	0.22451187670230865
0.21260753273963928	-0.8314696550369263	-0.513279914855957	0.9772468209266663	0.39673084020614624	1.0	3	0.0	0	0.0	0	0.2142139971256256	-0.8286562561988831	-0.5171471834182739	0.24139715731143951	0.5579259395599365	-0.7940064072608948	0.9464882016181946	0.045249421149492264	0.3195508122444153
0.3535534143447876	0.3826834261417389	-0.8535533547401428	0.2952616810798645	0.16504055261611938	1.0	3	0.0	0	0.0	0	0.3538680970668793	0.38054174184799194	-0.8543801307678223	0.5903504490852356	-0.79940265417099	-0.11154274642467499	-0.7254403829574585	-0.4649122655391693	-0.5075360536575317
0.14644666016101837	-0.9238795042037964	-0.35355344414711	0.9581184983253479	0.39568495750427246	1.0	3	0.0	0	0.0	0	0.14841516315937042	-0.9217121601104736	-0.35835713148117065	0.33233627676963806	0.3877815008163452	-0.8597546815872192	0.9314106106758118	0.008505553007125854	0.3638710379600525
0.3753302991390228	0.19509035348892212	-0.906127393245697	0.3228604197502136	0.18066710233688354	1.0	3	0.0	0	0.0	0	0.37541118264198303	0.19391615688800812	-0.9063459038734436	0.5057913064956665	-0.8622933030128479	0.02500932663679123	-0.7766863107681274	-0.46781066060066223	-0.42179563641548157
0.0746578574180603	-0.9807853102684021	-0.18023993074893951	0.9373629689216614	0.39589017629623413	1.0	3	0.0	0	0.0	0	0.07690812647342682	-0.979602038860321	-0.18564768135547638	0.40970903635025024	0.20080281794071198	-0.889840841293335	0.9089685678482056	-0.007625540718436241	0.41679516434669495
0.38268348574638367	-4.371138828673793e-08	-0.9238794445991516	0.35177648067474365	0.1949179768562317	1.0	3	0.0	0	0.0	0	0.38268154859542847	0.0	-0.9238803386688232	0.4017429053783417	-0.900506317615509	0.16640639305114746	-0.8319600820541382	-0.4348430335521698	-0.3446071147918701
0.0746578648686409	0.9807852506637573	-0.1802399456501007	0.663835346698761	0.1224866658449173	1.0	3	0.0	0	0.0	0	0.07690812647342682	0.979602038860321	-0.18564768135547638	-0.9058613181114197	0.14644134044647217	0.3974548280239105	0.4165340065956116	0.1376035213470459	0.8986459970474243
0.3753302991390228	-0.19509032368659973	-0.906127393245697	0.38089847564697266	0.20724540948867798	1.0	3	0.0	0	0.0	0	0.37541118264198303	-0.19391615688800812	-0.9063459038734436	0.2779417634010315	-0.9093127250671387	0.3096751868724823	-0.8842028975486755	-0.3681669235229492	-0.2874687612056732
0.19134172797203064	-0.19509032368659973	-0.9619396924972534	0.3676198124885559	0.23329347372055054	1.0	3	0.0	0	0.0	0	0.19138388335704803	-0.1939169466495514	-0.9621686339378357	0.3110699951648712	-0.9177708029747009	0.24684439599514008	-0.9309176206588745	-0.3465438485145569	-0.11532479524612427
0.14644664525985718	0.9238795042037964	-0.3535534143447876	0.6468794345855713	0.10763414204120636	1.0	3	0.0	0	0.0	0	0.14841516315937042	0.9217121601104736	-0.35835713148117065	-0.8708165884017944	0.2935371994972229	0.39435306191444397	0.46867117285728455	0.25353536009788513	0.8462076187133789
0.35355344414711	-0.3826833963394165	-0.8535534143447876	0.40910738706588745	0.2171756625175476	1.0	3	0.0	0	0.0	0	0.3538680970668793	-0.38054174184799194	-0.8543801307678223	0.14651834964752197	-0.8796542286872864	0.45248299837112427	-0.9237477779388428	-0.28530165553092957	-0.2555252015590668
0.1802399754524231	-0.3826833963394165	-0.9061274528503418	0.3965991139411926	0.24171245098114014	1.0	3	0.0	0	0.0	0	0.1803983896970749	-0.38054266571998596	-0.9069970846176147	0.2223016917705536	-0.8824927806854248	0.41447383165359497	-0.9581433534622192	-0.2763974070549011	-0.07460499554872513
0.5448951125144958	0.19509035348892212	-0.815493106842041	0.3363412022590637	0.15273255109786987	1.0	3	0.0	0	0.0	0	0.5450153350830078	0.19392022490501404	-0.8156918287277222	0.45658886432647705	-0.884615957736969	0.09476984292268753	-0.7031962275505066	-0.4240868389606476	-0.570671021938324
0.10838640481233597	-0.9807853102684021	-0.16221164166927338	0.9373629689216614	0.399974524974823	1.0	3	0.0	0	0.0	0	0.11163868755102158	-0.9796005487442017	-0.16709180176258087	0.4106237292289734	0.1985902339220047	-0.8899158239364624	0.9049447178840637	0.030737174674868584	0.42441752552986145
0.5555702447891235	-4.371138828673793e-08	-0.8314694762229919	0.36552131175994873	0.16643613576889038	1.0	3	0.0	0	0.0	0	0.5555732250213623	0.0	-0.8314676880836487	0.34740740060806274	-0.9085278511047363	0.23213201761245728	-0.7554115056991577	-0.41782429814338684	-0.5047537088394165
0.0746578648686409	0.9807852506637573	-0.1802399456501007	0.5763664245605469	0.8698082566261292	1.0	3	0.0	0	0.0	0	0.07690812647342682	0.979602038860321	-0.18564768135547638	-0.9934380054473877	0.09110002964735031	0.06915047019720078	0.08465245366096497	0.17911121249198914	0.9801802635192871
-8.076808910573163e-08	1.0	1.2087801337656856e-07	0.5909116268157959	0.8985738158226013	1.0	3	0.0	0	0.0	0	0.0	1.0	0.0	-0.9974995255470276	0.0	0.0706738606095314	0.0706738606095314	0.0	0.9974995255470276
0.10838641226291656	0.9807852506637573	-0.16221165657043457	0.5710579752922058	0.8731771111488342	1.0	3	0.0	0	0.0	0	0.11163868755102158	0.9796005487442017	-0.16709180176258087	-0.9902421236038208	0.12377417087554932	0.06403611600399017	0.08341146260499954	0.15831242501735687	0.983859658241272
0.5448951125144958	-0.19509032368659973	-0.815493106842041	0.39437925815582275	0.1793108582496643	1.0	3	0.0	0	0.0	0	0.5450153350830078	-0.19392022490501404	-0.8156918287277222	0.22464264929294586	-0.9035385251045227	0.3649025857448578	-0.8077710270881653	-0.3821166753768921	-0.448879599571228
0.21260757744312286	0.9238795042037964	-0.3181896507740021	0.5517251491546631	0.8480719327926636	1.0	3	0.0	0	0.0	0	0.21549689769744873	0.9217138886451721	-0.3224976062774658	-0.968583881855011	0.24373427033424377	0.04938456416130066	0.12412215024232864	0.30172374844551086	0.9452811479568481
0.14644664525985718	0.9238795042037964	-0.3535534143447876	0.5621380805969238	0.8414636850357056	1.0	3	0.0	0	0.0	0	0.14841516315937042	0.9217121601104736	-0.35835713148117065	-0.9812300801277161	0.1823699027299881	0.06268046051263809	0.12312688678503036	0.3423280417919159	0.9314780831336975
0.5132800340652466	-0.3826833963394165	-0.7681777477264404	0.4218060374259949	0.19086188077926636	1.0	3	0.0	0	0.0	0	0.5137554407119751	-0.3805403709411621	-0.7689241170883179	0.09012926369905472	-0.8673494458198547	0.4894707500934601	-0.8531894087791443	-0.32077085971832275	-0.4113077223300934
0.30865833163261414	0.8314695954322815	-0.4619396924972534	0.5336560010910034	0.824222981929779	1.0	3	0.0	0	0.0	0	0.3109903335571289	0.8286565542221069	-0.46541738510131836	-0.9294771552085876	0.36739546060562134	0.03305889293551445	0.19838671386241913	0.4223138391971588	0.8844737410545349
0.31818971037864685	-0.5555701851844788	-0.7681776881217957	0.43531912565231323	0.2243272066116333	1.0	3	0.0	0	0.0	0	0.3188951313495636	-0.5527637600898743	-0.7699078917503357	-0.02941167540848255	-0.8176987767219543	0.5748944878578186	-0.947333574295044	-0.16068676114082336	-0.27701789140701294
0.46193984150886536	-0.5555701851844788	-0.6913416385650635	0.4467476010322571	0.20064544677734375	1.0	3	0.0	0	0.0	0	0.4629725217819214	-0.5527592897415161	-0.6929023265838623	-0.05307827517390251	-0.7976143956184387	0.6008277535438538	-0.8847819566726685	-0.24138867855072021	-0.3986130654811859
0.39284753799438477	0.7071067690849304	-0.5879377722740173	0.5175449848175049	0.8025467991828918	1.0	3	0.0	0	0.0	0	0.39452821016311646	0.7040590047836304	-0.5904646515846252	-0.8783590793609619	0.47768858075141907	-0.017293060198426247	0.2698829174041748	0.5254626274108887	0.8068781495094299
0.39284753799438477	-0.7071067690849304	-0.5879377722740173	0.4682455062866211	0.20828551054000854	1.0	3	0.0	0	0.0	0	0.39452821016311646	-0.7040590047836304	-0.5904646515846252	-0.16549065709114075	-0.6865299344062805	0.7080180644989014	-0.9038581252098083	-0.18161670863628387	-0.38737058639526367
0.27059808373451233	-0.7071067690849304	-0.6532814502716064	0.4585264325141907	0.22842520475387573	1.0	3	0.0	0	0.0	0	0.2717488706111908	-0.7040627598762512	-0.6560855507850647	-0.13649144768714905	-0.7030513882637024	0.6979174613952637	-0.952639639377594	-0.10010822117328644	-0.287151962518692
0.4619397521018982	0.5555702447891235	-0.6913415789604187	0.2814691662788391	0.12495702505111694	1.0	3	0.0	0	0.0	0	0.4629725217819214	0.5527592897415161	-0.6929023265838623	0.6283897161483765	-0.7560099959373474	-0.18323561549186707	-0.625126302242279	-0.3505796492099762	-0.697360098361969
0.27059808373451233	-0.7071067690849304	-0.6532814502716064	0.9940130114555359	0.3989875912666321	1.0	3	0.0	0	0.0	0	0.2717488706111908	-0.7040627598762512	-0.6560855507850647	0.1678149551153183	0.7059569954872131	-0.6880863904953003	0.947624146938324	0.07688573747873306	0.30999523401260376
0.30865830183029175	-0.8314696550369263	-0.4619396924972534	0.9772468209266663	0.4083620309829712	1.0	3	0.0	0	0.0	0	0.3109903335571289	-0.8286565542221069	-0.46541738510131836	0.25430965423583984	0.5443965196609497	-0.7993492484092712	0.9157574772834778	0.13022974133491516	0.380037397146225
0.5132799744606018	0.3826834261417389	-0.7681776881217957	0.30796027183532715	0.13872677087783813	1.0	3	0.0	0	0.0	0	0.5137554407119751	0.3805403709411621	-0.7689241170883179	0.5507798194885254	-0.8334646224975586	-0.04447881132364273	-0.6577970385551453	-0.40065664052963257	-0.6377909779548645
0.21260759234428406	-0.9238795042037964	-0.31818968057632446	0.9581184983253479	0.4036966562271118	1.0	3	0.0	0	0.0	0	0.21549689769744873	-0.9217138886451721	-0.3224976062774658	0.3360111713409424	0.38008078932762146	-0.8617627620697021	0.9168738722801208	0.0773443952202797	0.3916124105453491
0.653281569480896	-0.3826833963394165	-0.6532814502716064	0.4342069625854492	0.16378241777420044	1.0	3	0.0	0	0.0	0	0.6539058685302734	-0.3805447816848755	-0.6539058685302734	0.03919041529297829	-0.8460990190505981	0.5315832495689392	-0.7555602788925171	-0.3732322156429291	-0.5383553504943848
0.5879378318786621	-0.5555701851844788	-0.5879376530647278	0.45790815353393555	0.17627453804016113	1.0	3	0.0	0	0.0	0	0.5892607569694519	-0.5527600049972534	-0.5892607569694519	-0.08850562572479248	-0.7691088318824768	0.6329600214958191	-0.803080677986145	-0.32082560658454895	-0.5021280646324158
0.5	0.7071067690849304	-0.4999999701976776	0.5010528564453125	0.8182469606399536	1.0	3	0.0	0	0.0	0	0.5021433234214783	0.7040627002716064	-0.5021433234214783	-0.8235790729522705	0.5664417147636414	-0.029348060488700867	0.26377204060554504	0.4282916188240051	0.8642862439155579
0.5	-0.7071067690849304	-0.4999999701976776	0.47773677110671997	0.18755978345870972	1.0	3	0.0	0	0.0	0	0.5021433234214783	-0.7040627002716064	-0.5021433234214783	-0.2029508799314499	-0.6603924632072449	0.722974956035614	-0.8406313061714172	-0.2611266076564789	-0.4745017886161804
0.39284753799438477	0.7071067690849304	-0.5879377722740173	0.25788599252700806	0.11195242404937744	1.0	3	0.0	0	0.0	0	0.39452821016311646	0.7040590047836304	-0.5904646515846252	0.6978887319564819	-0.6476047039031982	-0.3058750033378601	-0.5977417230606079	-0.29140231013298035	-0.7468531727790833
0.5879377126693726	0.5555702447891235	-0.5879376530647278	0.2926297187805176	0.10058611631393433	1.0	3	0.0	0	0.0	0	0.5892607569694519	0.5527600049972534	-0.5892607569694519	0.6030107140541077	-0.7862987518310547	-0.13458213210105896	-0.5377265810966492	-0.27602657675743103	-0.7966551780700684
0.30865830183029175	-0.8314696550369263	-0.4619396924972534	0.6433823704719543	0.7378988265991211	1.0	3	0.0	0	0.0	0	0.3109903335571289	-0.8286565542221069	-0.46541738510131836	-0.9323455691337585	-0.3610265254974365	0.019792653620243073	-0.1844293177127838	0.42777442932128906	-0.8848699331283569
0.5	-0.7071067690849304	-0.4999999701976776	0.6060889959335327	0.7438622713088989	1.0	3	0.0	0	0.0	0	0.5021433234214783	-0.7040627002716064	-0.5021433234214783	-0.8118848204612732	-0.5837797522544861	0.006643473636358976	-0.29781851172447205	0.4043465554714203	-0.8647589683532715
0.3928475081920624	-0.8314696550369263	-0.3928473889827728	0.6336947083473206	0.7290366888046265	1.0	3	0.0	0	0.0	0	0.3958047330379486	-0.8286598920822144	-0.3958047330379486	-0.8999791145324707	-0.43575888872146606	0.012319943867623806	-0.18268448114395142	0.351339727640152	-0.9182520508766174
0.6532814502716064	0.3826834261417389	-0.6532813906669617	0.3203611969947815	0.11164730787277222	1.0	3	0.0	0	0.0	0	0.6539058685302734	0.3805447816848755	-0.6539058685302734	0.5132598876953125	-0.8581211566925049	0.013870677910745144	-0.5558519959449768	-0.34469375014305115	-0.7564488053321838
0.2705981433391571	-0.9238795042037964	-0.27059805393218994	0.9564913511276245	0.4115544557571411	1.0	3	0.0	0	0.0	0	0.27427542209625244	-0.9217081665992737	-0.27427542209625244	0.344992071390152	0.36053669452667236	-0.8665990233421326	0.8976377844810486	0.1430639624595642	0.4168683886528015
0.6935198903083801	0.19509035348892212	-0.6935198307037354	0.3495059609413147	0.12398511171340942	1.0	3	0.0	0	0.0	0	0.6936836242675781	0.19392256438732147	-0.6936836242675781	0.40880152583122253	-0.8989297151565552	0.1575014293193817	-0.593029797077179	-0.3928351402282715	-0.7028487324714661
0.13794972002506256	-0.9807853102684021	-0.1379496455192566	0.9365334510803223	0.4039803743362427	1.0	3	0.0	0	0.0	0	0.14209669828414917	-0.9796005487442017	-0.14209669828414917	0.41401100158691406	0.18921083211898804	-0.8903899192810059	0.8991125822067261	0.0676918551325798	0.4324515759944916
0.7071067690849304	-4.371138828673793e-08	-0.7071065902709961	0.3789439797401428	0.1371254324913025	1.0	3	0.0	0	0.0	0	0.7071067690849304	0.0	-0.7071067690849304	0.29321926832199097	-0.9099697470664978	0.29321926832199097	-0.6434457898139954	-0.41467466950416565	-0.6434457898139954
0.13794973492622375	0.9807852506637573	-0.13794966042041779	0.5665078163146973	0.8775087594985962	1.0	3	0.0	0	0.0	0	0.14209669828414917	0.9796005487442017	-0.14209669828414917	-0.98653244972229	0.15190143883228302	0.060660943388938904	0.081008180975914	0.13156327605247498	0.9879922866821289
0.6935198903083801	-0.19509032368659973	-0.6935198307037354	0.40754401683807373	0.15056335926055908	1.0	3	0.0	0	0.0	0	0.6936836242675781	-0.19392256438732147	-0.6936836242675781	0.16924872994422913	-0.8922256231307983	0.41867464780807495	-0.7001127600669861	-0.4078328311443329	-0.5861011147499084
0.2705981433391571	0.9238795042037964	-0.27059802412986755	0.5427996516227722	0.8565687537193298	1.0	3	0.0	0	0.0	0	0.27427542209625244	0.9217081665992737	-0.27427542209625244	-0.9540825486183167	0.2965271770954132	0.04240323603153229	0.12041354179382324	0.25005123019218445	0.9607159495353699
0.39284753799438477	0.8314695954322815	-0.3928473889827728	0.5206981897354126	0.8365585207939148	1.0	3	0.0	0	0.0	0	0.3958047330379486	0.8286598920822144	-0.3958047330379486	-0.8978950381278992	0.43963319063186646	0.02252434380352497	0.19267390668392181	0.34647586941719055	0.918058454990387
0.16221171617507935	-0.9807853102684021	-0.1083863228559494	0.9349063634872437	0.4077538251876831	1.0	3	0.0	0	0.0	0	0.16709180176258087	-0.9796005487442017	-0.11163868755102158	0.41962599754333496	0.1731216013431549	-0.8910347819328308	0.8921851515769958	0.10203811526298523	0.4399929940700531
0.815493106842041	0.19509035348892212	-0.5448949933052063	0.36184877157211304	0.09552949666976929	1.0	3	0.0	0	0.0	0	0.8156918287277222	0.19392022490501404	-0.5450153350830078	0.36048802733421326	-0.9072381854057312	0.21671928465366364	-0.4524324834346771	-0.3732476532459259	-0.8099327683448792
0.8314695358276367	-4.371138828673793e-08	-0.5555700063705444	0.3915286660194397	0.10811233520507812	1.0	3	0.0	0	0.0	0	0.8314676880836487	0.0	-0.5555732250213623	0.23609933257102966	-0.9052097201347351	0.3533449172973633	-0.5029101967811584	-0.4249652922153473	-0.7526525259017944
0.16221173107624054	0.9807852506637573	-0.1083863377571106	0.5628908276557922	0.8826367855072021	1.0	3	0.0	0	0.0	0	0.16709180176258087	0.9796005487442017	-0.11163868755102158	-0.9829914569854736	0.1742730587720871	0.05793847143650055	0.07621216773986816	0.10005883127450943	0.9920584559440613
0.815493106842041	-0.19509032368659973	-0.5448949933052063	0.41988688707351685	0.12210774421691895	1.0	3	0.0	0	0.0	0	0.8156918287277222	-0.19392022490501404	-0.5450153350830078	0.10862285643815994	-0.8740386962890625	0.47355833649635315	-0.5681970119476318	-0.4454788267612457	-0.6918820738792419
0.3181897699832916	0.9238795042037964	-0.2126074880361557	0.5357046127319336	0.8666277527809143	1.0	3	0.0	0	0.0	0	0.3224976062774658	0.9217138886451721	-0.21549689769744873	-0.9405402541160583	0.3376847207546234	0.03678334504365921	0.10667373239994049	0.19082096219062805	0.9758115410804749
0.76817786693573	-0.3826833963394165	-0.513279914855957	0.445833683013916	0.13697773218154907	1.0	3	0.0	0	0.0	0	0.7689241170883179	-0.3805403709411621	-0.5137554407119751	-0.019136298447847366	-0.8169101476669312	0.5764473080635071	-0.6390535831451416	-0.43341290950775146	-0.6354241371154785
0.46193981170654297	0.8314695954322815	-0.3086581826210022	0.5103979110717773	0.8511618971824646	1.0	3	0.0	0	0.0	0	0.46541738510131836	0.8286565542221069	-0.3109903335571289	-0.869511604309082	0.49370720982551575	0.01423789281398058	0.1653365045785904	0.26378315687179565	0.9503064155578613
0.6913416981697083	-0.5555701851844788	-0.46193963289260864	0.4683718979358673	0.15215104818344116	1.0	3	0.0	0	0.0	0	0.6929023265838623	-0.5527592897415161	-0.4629725217819214	-0.14269959926605225	-0.7345281839370728	0.6634042263031006	-0.7067692279815674	-0.39360833168029785	-0.5878347754478455
0.5879377722740173	0.7071067690849304	-0.3928474187850952	0.48794299364089966	0.8368335962295532	1.0	3	0.0	0	0.0	0	0.5904646515846252	0.7040590047836304	-0.39452821016311646	-0.7748807072639465	0.6312340497970581	-0.03322059288620949	0.225650355219841	0.3253278434276581	0.9182829856872559
0.5879378318786621	-0.5555701851844788	-0.5879376530647278	0.5779640078544617	0.7541446685791016	1.0	3	0.0	0	0.0	0	0.5892607569694519	-0.5527600049972534	-0.5892607569694519	-0.6677851676940918	-0.7437533140182495	0.02990071475505829	-0.4547925591468811	0.37588027119636536	-0.8073895573616028
0.5879377722740173	-0.7071067690849304	-0.3928474187850952	0.5962437391281128	0.7290748357772827	1.0	3	0.0	0	0.0	0	0.5904646515846252	-0.7040590047836304	-0.39452821016311646	-0.7537447214126587	-0.6558079123497009	0.04224715754389763	-0.288479208946228	0.27242806553840637	-0.9179121255874634
0.5879377722740173	0.7071067690849304	-0.3928474187850952	0.2762759327888489	0.07071125507354736	1.0	3	0.0	0	0.0	0	0.5904646515846252	0.7040590047836304	-0.39452821016311646	0.684384286403656	-0.695899486541748	-0.21758219599723816	-0.4277426600456238	-0.14153429865837097	-0.8927509784698486
0.6913416385650635	0.5555702447891235	-0.46193963289260864	0.30309349298477173	0.07646256685256958	1.0	3	0.0	0	0.0	0	0.6929023265838623	0.5527592897415161	-0.4629725217819214	0.5810478925704956	-0.8082598447799683	-0.09539148956537247	-0.42693060636520386	-0.20291224122047424	-0.8812247514724731
0.4619397819042206	-0.8314696550369263	-0.3086581826210022	0.6259593367576599	0.7174182534217834	1.0	3	0.0	0	0.0	0	0.46541738510131836	-0.8286565542221069	-0.3109903335571289	-0.8658676147460938	-0.499111145734787	0.03407914564013481	-0.18345865607261658	0.25341543555259705	-0.9498018622398376
0.7681776881217957	0.3826834261417389	-0.513279914855957	0.3319879174232483	0.08484262228012085	1.0	3	0.0	0	0.0	0	0.7689241170883179	0.3805403709411621	-0.5137554407119751	0.47751763463020325	-0.8761613965034485	0.06571224331855774	-0.4251265227794647	-0.2958550453186035	-0.8554164171218872
0.4619397819042206	-0.8314696550369263	-0.3086581826210022	0.9702509641647339	0.4305155277252197	1.0	3	0.0	0	0.0	0	0.46541738510131836	-0.8286565542221069	-0.3109903335571289	0.2871730327606201	0.4737318456172943	-0.8325321674346924	0.8372092843055725	0.2981669008731842	0.4584508538246155
0.3181897699832916	-0.9238795042037964	-0.2126075178384781	0.9532996416091919	0.41895627975463867	1.0	3	0.0	0	0.0	0	0.3224976062774658	-0.9217138886451721	-0.21549689769744873	0.3586626648902893	0.32967305183410645	-0.8733137249946594	0.875988781452179	0.20435088872909546	0.43690308928489685
0.6913416981697083	-0.5555701851844788	-0.46193963289260864	0.5663872361183167	0.736756443977356	1.0	3	0.0	0	0.0	0	0.6929023265838623	-0.5527592897415161	-0.4629725217819214	-0.612547755241394	-0.7899911999702454	0.026442306116223335	-0.3803604543209076	0.26527082920074463	-0.8859782218933105
0.6532814502716064	-0.7071067690849304	-0.27059799432754517	0.5892617106437683	0.7113475799560547	1.0	3	0.0	0	0.0	0	0.6560855507850647	-0.7040627598762512	-0.2717488706111908	-0.7196420431137085	-0.6921066045761108	0.05571224167943001	-0.2273041009902954	0.1590099185705185	-0.9607543349266052
0.7681776285171509	0.5555702447891235	-0.31818950176239014	0.312458336353302	0.05351346731185913	1.0	3	0.0	0	0.0	0	0.7699078917503357	0.5527637600898743	-0.3188951313495636	0.5637542605400085	-0.8233002424240112	-0.06601445376873016	-0.29903683066368103	-0.12895344197750092	-0.9454882740974426
0.5132799744606018	-0.8314696550369263	-0.21260741353034973	0.6204736232757568	0.7034900188446045	1.0	3	0.0	0	0.0	0	0.5171471834182739	-0.8286562561988831	-0.2142139971256256	-0.8464598059654236	-0.5322310328483582	0.015361780300736427	-0.126740962266922	0.17337922751903534	-0.9766659736633301
0.853553295135498	0.3826834261417389	-0.3535533547401428	0.34239357709884644	0.059343039989471436	1.0	3	0.0	0	0.0	0	0.8543801307678223	0.38054174184799194	-0.3538680970668793	0.44293713569641113	-0.8894051909446716	0.11298248171806335	-0.27173757553100586	-0.25327131152153015	-0.9284462332725525
0.5132799744606018	-0.8314696550369263	-0.21260741353034973	0.9635239839553833	0.4401865005493164	1.0	3	0.0	0	0.0	0	0.5171471834182739	-0.8286562561988831	-0.2142139971256256	0.3135841488838196	0.41631752252578735	-0.8534311056137085	0.7963820695877075	0.37417539954185486	0.4751508831977844
0.35355353355407715	-0.9238795042037964	-0.1464465707540512	0.948665976524353	0.4256178140640259	1.0	3	0.0	0	0.0	0	0.35835713148117065	-0.9217121601104736	-0.14841516315937042	0.3764263689517975	0.2881314158439636	-0.880501925945282	0.8543323278427124	0.2596667408943176	0.4502106308937073
0.9061273336410522	0.19509035348892212	-0.3753301501274109	0.37289541959762573	0.06845921277999878	1.0	3	0.0	0	0.0	0	0.9063459038734436	0.19391615688800812	-0.37541118264198303	0.30898377299308777	-0.9101945757865906	0.2758169174194336	-0.288211852312088	-0.3659815192222595	-0.8848680853843689
0.1802399903535843	-0.9807853102684021	-0.07465776801109314	0.9325441122055054	0.411149799823761	1.0	3	0.0	0	0.0	0	0.18564768135547638	-0.979602038860321	-0.07690812647342682	0.4271220564842224	0.15093715488910675	-0.8915070295333862	0.884930431842804	0.13265705108642578	0.4464307725429535
0.9238793849945068	-4.371138828673793e-08	-0.3826832175254822	0.40279167890548706	0.08051174879074097	1.0	3	0.0	0	0.0	0	0.9238803386688232	0.0	-0.38268154859542847	0.17224889993667603	-0.8929730653762817	0.4158480763435364	-0.3417242765426636	-0.4501102566719055	-0.8250001668930054
0.18024000525474548	0.9807852506637573	-0.07465778291225433	0.5603460073471069	0.8883641362190247	1.0	3	0.0	0	0.0	0	0.18564768135547638	0.979602038860321	-0.07690812647342682	-0.9801576733589172	0.1901484876871109	0.05598679929971695	0.06946873664855957	0.06498826295137405	0.9954650402069092
0.9061273336410522	-0.19509032368659973	-0.3753301501274109	0.43093347549438477	0.09503746032714844	1.0	3	0.0	0	0.0	0	0.9063459038734436	-0.19391615688800812	-0.37541118264198303	0.0391627736389637	-0.8460937142372131	0.5315937399864197	-0.42071762681007385	-0.49650996923446655	-0.7592592835426331
0.35355350375175476	0.9238795042037964	-0.14644654095172882	0.5307127833366394	0.8778623342514038	1.0	3	0.0	0	0.0	0	0.35835713148117065	0.9217121601104736	-0.14841516315937042	-0.9297434091567993	0.36675041913986206	0.03273333981633186	0.08460201323032379	0.1262577474117279	0.9883832335472107
0.8535534739494324	-0.3826833963394165	-0.35355329513549805	0.45623934268951416	0.11147809028625488	1.0	3	0.0	0	0.0	0	0.8543801307678223	-0.38054174184799194	-0.3538680970668793	-0.09177033603191376	-0.7807677388191223	0.6180452704429626	-0.5114808082580566	-0.49557098746299744	-0.7019948363304138
0.5132799744606018	0.8314695954322815	-0.21260741353034973	0.5031508207321167	0.8674719333648682	1.0	3	0.0	0	0.0	0	0.5171471834182739	0.8286562561988831	-0.2142139971256256	-0.8473489284515381	0.5309709906578064	0.008348174393177032	0.12065918743610382	0.17719675600528717	0.9767511487007141
0.7681776881217957	-0.5555701851844788	-0.31818950176239014	0.47773677110671997	0.1292019486427307	1.0	3	0.0	0	0.0	0	0.7699078917503357	-0.5527637600898743	-0.3188951313495636	-0.21325768530368805	-0.6938513517379761	0.6878165006637573	-0.6014658808708191	-0.46154850721359253	-0.6520827412605286
0.6532814502716064	0.7071067690849304	-0.27059799432754517	0.4787192940711975	0.8575923442840576	1.0	3	0.0	0	0.0	0	0.6560855507850647	0.7040627598762512	-0.2717488706111908	-0.737038254737854	0.6751800179481506	-0.030109796673059464	0.16228021681308746	0.22004391252994537	0.9618970155715942
0.19134175777435303	0.9807852506637573	-0.03806017339229584	0.558971107006073	0.8944706320762634	1.0	3	0.0	0	0.0	0	0.1970922350883484	0.9796015024185181	-0.0391865000128746	-0.9784500598907471	0.19905602931976318	0.05488318204879761	0.06156395375728607	0.027524983510375023	0.9977235198020935
0.19134174287319183	-0.9807853102684021	-0.03806016221642494	0.9295375943183899	0.41403788328170776	1.0	3	0.0	0	0.0	0	0.1970922350883484	-0.9796015024185181	-0.0391865000128746	0.4360629618167877	0.12339312583208084	-0.8914164304733276	0.878068208694458	0.1586034744977951	0.45148777961730957
0.9619396328926086	-0.19509032368659973	-0.1913416087627411	0.44025933742523193	0.07039284706115723	1.0	3	0.0	0	0.0	0	0.9621686339378357	-0.1939169466495514	-0.19138388335704803	-0.05121292173862457	-0.8186482787132263	0.5720072984695435	-0.2675979733467102	-0.5405661463737488	-0.7976087331771851
0.37533038854599	0.9238795042037964	-0.07465773820877075	0.5280159115791321	0.8898407220840454	1.0	3	0.0	0	0.0	0	0.3804228603839874	0.9217128157615662	-0.07565730065107346	-0.9230532646179199	0.38347017765045166	0.030384782701730728	0.05701836198568344	0.05827664956450462	0.9966708421707153
0.9061275124549866	-0.3826833963394165	-0.18023982644081116	0.46502411365509033	0.08826339244842529	1.0	3	0.0	0	0.0	0	0.9069970846176147	-0.38054266571998596	-0.1803983896970749	-0.18630501627922058	-0.7467390894889832	0.6384913325309753	-0.37768375873565674	-0.5455006957054138	-0.748187243938446
0.5448950529098511	0.8314695954322815	-0.10838625580072403	0.4992355704307556	0.8848618268966675	1.0	3	0.0	0	0.0	0	0.5490074753761292	0.8286536931991577	-0.1091972142457962	-0.8333340883255005	0.5527483820915222	0.004855940118432045	0.06438247859477997	0.08833181113004684	0.9940083026885986
