2880	960	1
0.0	0.3826834261417389	-0.9238795042037964	0.75	0.625	0	0	0	0	0	0	0.09383475035429001	0.2890039384365082	-0.9527180790901184	-0.9951847791671753	3.596985487241966e-10	-0.0980173647403717	-0.028327403590083122	0.9573279619216919	0.28761231899261475
0.19134172797203064	0.19509035348892212	-0.9619396924972534	0.71875	0.5625	0	0	0	0	0	0	0.09383475035429001	0.2890039384365082	-0.9527180790901184	-0.9951847791671753	-1.7935490870257809e-09	-0.0980173647403717	-0.02832740545272827	0.9573279619216919	0.28761231899261475
0.0	0.19509035348892212	-0.9807852506637573	0.75	0.5625	0	0	0	0	0	0	0.09383475035429001	0.2890039384365082	-0.9527180790901184	-0.9951846599578857	2.512945185273452e-09	-0.09801734983921051	-0.028327401727437973	0.9573279619216919	0.28761231899261475
6.920940620602778e-08	-0.9238795042037964	-0.3826831579208374	0.7499999403953552	0.125	0	0	0	0	0	0	0.028577474877238274	-0.9565494656562805	-0.2901665270328522	-0.9951847791671753	1.3666493714481476e-06	-0.09801673889160156	0.0937582477927208	0.29157036542892456	-0.9519433975219727
0.038060251623392105	-0.9807853102684021	-0.19134169816970825	0.71875	0.062499940395355225	0	0	0	0	0	0	0.028577474877238274	-0.9565494656562805	-0.2901665270328522	-0.9951847791671753	1.368430957882083e-06	-0.09801673889160156	0.09375825524330139	0.29157036542892456	-0.9519433975219727
2.8231209370233046e-08	-0.9807853102684021	-0.19509011507034302	0.7499999403953552	0.06249988079071045	0	0	0	0	0	0	0.028577474877238274	-0.9565494656562805	-0.2901665270328522	-0.9951848387718201	1.3648676713273744e-06	-0.09801673889160156	0.0937582403421402	0.29157036542892456	-0.9519433379173279
5.385959980230837e-07	-4.371138828673793e-08	-0.9999987483024597	0.7499998807907104	0.5	0	0	0	0	0	0	0.09754378348588943	0.09754980355501175	-0.9904389977455139	-0.9951852560043335	0.0	-0.09801121056079865	-0.009560974314808846	0.9952306747436523	0.09708012640476227
0.19134172797203064	0.19509035348892212	-0.9619396924972534	0.71875	0.5625	0	0	0	0	0	0	0.09754378348588943	0.09754980355501175	-0.9904389977455139	-0.9951853156089783	0.0	-0.09801122546195984	-0.00956097524613142	0.9952307343482971	0.09708013385534286
0.19509033858776093	-4.371138828673793e-08	-0.9807852506637573	0.71875	0.5	0	0	0	0	0	0	0.09754378348588943	0.09754980355501175	-0.9904389977455139	-0.9951853156089783	0.0	-0.09801122546195984	-0.00956097524613142	0.9952307343482971	0.09708013385534286
0.0	0.9807852506637573	-0.19509032368659973	0.75	0.9375000596046448	0	0	0	0	0	0	0.009653395973145962	0.99513840675354	-0.09801266342401505	-0.9951847195625305	-1.667768856350449e-08	-0.09801721572875977	-0.09754068404436111	0.09848689287900925	0.9903464317321777
-8.076808910573163e-08	1.0	1.2087801337656856e-07	0.734375	1.0	0	0	0	0	0	0	0.009653395973145962	0.99513840675354	-0.09801266342401505	-0.9951847791671753	-1.667769033986133e-08	-0.09801723062992096	-0.09754069894552231	0.09848690032958984	0.9903464913368225
0.038060251623392105	0.9807852506637573	-0.19134171307086945	0.71875	0.9375000596046448	0	0	0	0	0	0	0.009653395973145962	0.99513840675354	-0.09801266342401505	-0.9951846599578857	-1.5750911686041036e-08	-0.09801720082759857	-0.09754068404436111	0.09848690032958984	0.9903464913368225
0.0	-1.0	8.742277657347586e-08	0.7343749403953552	0.0	0	0	0	0	0	0	0.00965290330350399	-0.99513840675354	-0.09801248461008072	-0.9951847791671753	4.793654966306349e-07	-0.09801710397005081	0.09754061698913574	0.09848666936159134	-0.9903464913368225
2.8231209370233046e-08	-0.9807853102684021	-0.19509011507034302	0.7499999403953552	0.06249988079071045	0	0	0	0	0	0	0.00965290330350399	-0.99513840675354	-0.09801248461008072	-0.9951847791671753	4.793654966306349e-07	-0.09801709651947021	0.09754060953855515	0.09848666936159134	-0.9903464913368225
0.038060251623392105	-0.9807853102684021	-0.19134169816970825	0.71875	0.062499940395355225	0	0	0	0	0	0	0.00965290330350399	-0.99513840675354	-0.09801248461008072	-0.9951847791671753	4.784386646861094e-07	-0.09801709651947021	0.09754060953855515	0.09848666936159134	-0.9903464913368225
5.385959980230837e-07	-4.371138828673793e-08	-0.9999987483024597	0.7499998807907104	0.5	0	0	0	0	0	0	0.09754696488380432	-0.09754671156406403	-0.9904388785362244	-0.9951850771903992	6.918355645313401e-12	-0.09801441431045532	0.009560983628034592	0.9952309727668762	-0.09707703441381454
0.19134172797203064	-0.19509032368659973	-0.9619396924972534	0.71875	0.4375	0	0	0	0	0	0	0.09754696488380432	-0.09754671156406403	-0.9904388785362244	-0.9951850175857544	-7.19861281694989e-10	-0.09801440685987473	0.009560982696712017	0.995231032371521	-0.09707704186439514
2.2567159874142817e-07	-0.19509032368659973	-0.9807846546173096	0.7499999403953552	0.4375	0	0	0	0	0	0	0.09754696488380432	-0.09754671156406403	-0.9904388785362244	-0.9951850771903992	7.336981022731948e-10	-0.09801441431045532	0.009560984559357166	0.9952309727668762	-0.09707703441381454
0.0	0.9807852506637573	-0.19509032368659973	0.75	0.9375000596046448	0	0	0	0	0	0	0.0285788644105196	0.9565495252609253	-0.29016607999801636	-0.9951847791671753	2.7264377422397956e-08	-0.09801705181598663	-0.09375814348459244	0.2915700376033783	0.9519433975219727
0.0746578574180603	0.9238795042037964	-0.3753302991390228	0.71875	0.875	0	0	0	0	0	0	0.0285788644105196	0.9565495252609253	-0.29016607999801636	-0.9951847791671753	3.082780608565372e-08	-0.09801704436540604	-0.09375813603401184	0.2915700376033783	0.9519433975219727
0.0	0.9238795042037964	-0.3826834559440613	0.75	0.875	0	0	0	0	0	0	0.0285788644105196	0.9565495252609253	-0.29016607999801636	-0.9951847791671753	2.9046109517594232e-08	-0.09801705181598663	-0.09375815838575363	0.2915700674057007	0.9519435167312622
2.2567159874142817e-07	-0.19509032368659973	-0.9807846546173096	0.7499999403953552	0.4375	0	0	0	0	0	0	0.09383293241262436	-0.28900259733200073	-0.9527186751365662	-0.9951849579811096	-1.7984513878133157e-09	-0.0980154275894165	0.02832671068608761	0.9573283791542053	-0.2876110374927521
0.1802399754524231	-0.3826833963394165	-0.9061274528503418	0.71875	0.375	0	0	0	0	0	0	0.09383293241262436	-0.28900259733200073	-0.9527186751365662	-0.9951848983764648	2.5080240106944984e-09	-0.09801541268825531	0.02832671068608761	0.9573283195495605	-0.2876110076904297
1.9586927635373286e-07	-0.3826833963394165	-0.9238792061805725	0.7499999403953552	0.375	0	0	0	0	0	0	0.09383293241262436	-0.28900259733200073	-0.9527186751365662	-0.9951848983764648	3.547864224628938e-10	-0.09801541268825531	0.02832670882344246	0.9573283195495605	-0.2876110076904297
0.0	0.9238795042037964	-0.3826834559440613	0.75	0.875	0	0	0	0	0	0	0.04637857899069786	0.8809723258018494	-0.47088947892189026	-0.9951847791671753	-5.348966269913547e-10	-0.09801718592643738	-0.08635041862726212	0.47316789627075195	0.8767301440238953
0.10838639736175537	0.8314695954322815	-0.5448951125144958	0.71875	0.8125	0	0	0	0	0	0	0.04637857899069786	0.8809723258018494	-0.47088947892189026	-0.9951847195625305	-3.816751803498164e-09	-0.09801718592643738	-0.08635042607784271	0.47316792607307434	0.87673020362854
0.0	0.8314695954322815	-0.5555702447891235	0.75	0.8125	0	0	0	0	0	0	0.04637857899069786	0.8809723258018494	-0.47088947892189026	-0.9951847195625305	-3.816751359408954e-09	-0.09801717847585678	-0.08635041117668152	0.47316786646842957	0.8767300844192505
1.9586927635373286e-07	-0.3826833963394165	-0.9238792061805725	0.7499999403953552	0.375	0	0	0	0	0	0	0.08653604984283447	-0.4696269929409027	-0.8786136507987976	-0.9951847195625305	2.420453171225745e-09	-0.09801732003688812	0.046031586825847626	0.8828650116920471	-0.46736565232276917
0.16221170127391815	-0.5555701851844788	-0.8154931664466858	0.71875	0.3125000596046448	0	0	0	0	0	0	0.08653604984283447	-0.4696269929409027	-0.8786136507987976	-0.9951847791671753	2.42045339327035e-09	-0.09801732748746872	0.04603158310055733	0.8828650116920471	-0.46736565232276917
0.0	-0.5555701851844788	-0.8314696550369263	0.75	0.3125000596046448	0	0	0	0	0	0	0.08653604984283447	-0.4696269929409027	-0.8786136507987976	-0.9951847195625305	2.420453171225745e-09	-0.09801732003688812	0.046031586825847626	0.8828650116920471	-0.46736565232276917
0.0	0.8314695954322815	-0.5555702447891235	0.75	0.8125	0	0	0	0	0	0	0.062360767275094986	0.7715058922767639	-0.6331586241722107	-0.9951847791671753	2.532751119943555e-09	-0.09801728278398514	-0.07562089711427689	0.6362221837043762	0.7677908539772034
0.13794970512390137	0.7071067690849304	-0.6935198903083801	0.71875	0.7500000596046448	0	0	0	0	0	0	0.062360767275094986	0.7715058922767639	-0.6331586241722107	-0.9951846599578857	5.4068389765404845e-09	-0.09801726043224335	-0.07562089711427689	0.636222243309021	0.7677907943725586
0.0	0.7071067690849304	-0.7071067690849304	0.75	0.7500000596046448	0	0	0	0	0	0	0.062360767275094986	0.7715058922767639	-0.6331586241722107	-0.9951847195625305	2.5327544506126287e-09	-0.09801727533340454	-0.07562090456485748	0.636222243309021	0.7677908539772034
0.0	-0.7071067690849304	-0.7071067690849304	0.75	0.25	0	0	0	0	0	0	0.07591524720191956	-0.6325626373291016	-0.7707797288894653	-0.9951847195625305	2.167577761724715e-08	-0.09801724553108215	0.06200206279754639	0.7745091915130615	-0.6295166611671448
0.16221170127391815	-0.5555701851844788	-0.8154931664466858	0.71875	0.3125000596046448	0	0	0	0	0	0	0.07591524720191956	-0.6325626373291016	-0.7707797288894653	-0.9951847791671753	2.167577939360399e-08	-0.09801726043224335	0.062002070248126984	0.7745092511177063	-0.6295167207717896
0.13794970512390137	-0.7071067690849304	-0.6935198903083801	0.71875	0.25	0	0	0	0	0	0	0.07591524720191956	-0.6325626373291016	-0.7707797288894653	-0.9951846599578857	1.696281692886714e-08	-0.09801723808050156	0.06200205907225609	0.7745091319084167	-0.6295166611671448
0.0	0.7071067690849304	-0.7071067690849304	0.75	0.7500000596046448	0	0	0	0	0	0	0.07591532915830612	0.6325626373291016	-0.7707796692848206	-0.9951846599578857	5.651076939727773e-09	-0.09801732748746872	-0.06200209632515907	0.7745091915130615	0.6295166015625
0.16221168637275696	0.5555702447891235	-0.815493106842041	0.71875	0.6875	0	0	0	0	0	0	0.07591532915830612	0.6325626373291016	-0.7707796692848206	-0.9951846599578857	9.381223575744002e-10	-0.09801732748746872	-0.06200210005044937	0.7745091915130615	0.6295166015625
0.0	0.5555702447891235	-0.8314695954322815	0.75	0.6875	0	0	0	0	0	0	0.07591532915830612	0.6325626373291016	-0.7707796692848206	-0.9951846599578857	9.381223575744002e-10	-0.09801732748746872	-0.06200210005044937	0.7745091915130615	0.6295166015625
0.0	-0.7071067690849304	-0.7071067690849304	0.75	0.25	0	0	0	0	0	0	0.06236070767045021	-0.7715057730674744	-0.6331586241722107	-0.9951847195625305	5.610825581925383e-09	-0.09801718592643738	0.07562083750963211	0.636222243309021	-0.7677908539772034
0.10838638246059418	-0.8314696550369263	-0.5448950529098511	0.71875	0.1875	0	0	0	0	0	0	0.06236070767045021	-0.7715057730674744	-0.6331586241722107	-0.9951847791671753	5.610825581925383e-09	-0.09801719337701797	0.07562083750963211	0.636222243309021	-0.7677907943725586
0.0	-0.8314696550369263	-0.5555701851844788	0.75	0.1875	0	0	0	0	0	0	0.06236070767045021	-0.7715057730674744	-0.6331586241722107	-0.9951847195625305	5.610827358282222e-09	-0.09801718592643738	0.07562083750963211	0.636222243309021	-0.7677908539772034
0.0	0.5555702447891235	-0.8314695954322815	0.75	0.6875	0	0	0	0	0	0	0.08653595298528671	0.46962839365005493	-0.8786130547523499	-0.9951847195625305	3.595417297219683e-10	-0.09801727533340454	-0.04603169485926628	0.8828642964363098	0.4673669934272766
0.1802399605512619	0.3826834261417389	-0.906127393245697	0.71875	0.625	0	0	0	0	0	0	0.08653595298528671	0.46962839365005493	-0.8786130547523499	-0.9951847791671753	-3.139461579593217e-09	-0.09801729023456573	-0.04603169858455658	0.8828642964363098	0.4673669636249542
0.0	0.3826834261417389	-0.9238795042037964	0.75	0.625	0	0	0	0	0	0	0.08653595298528671	0.46962839365005493	-0.8786130547523499	-0.9951847195625305	3.595417297219683e-10	-0.09801727533340454	-0.04603169485926628	0.8828642964363098	0.4673669934272766
0.0	-0.8314696550369263	-0.5555701851844788	0.75	0.1875	0	0	0	0	0	0	0.04637647047638893	-0.8809728026390076	-0.47088882327079773	-0.9951850175857544	1.1690605106196017e-06	-0.09801507741212845	0.08634915202856064	0.4731670320034027	-0.8767307996749878
0.0746578574180603	-0.9238795042037964	-0.3753303289413452	0.71875	0.12500005960464478	0	0	0	0	0	0	0.04637647047638893	-0.8809728026390076	-0.47088882327079773	-0.9951850175857544	1.175624333882297e-06	-0.09801508486270905	0.08634915947914124	0.4731670320034027	-0.8767307996749878
6.920940620602778e-08	-0.9238795042037964	-0.3826831579208374	0.7499999403953552	0.125	0	0	0	0	0	0	0.04637647047638893	-0.8809728026390076	-0.47088882327079773	-0.9951849579811096	1.1723423085641116e-06	-0.09801506996154785	0.08634915947914124	0.4731670618057251	-0.8767307996749878
0.13794970512390137	-0.7071067690849304	-0.6935198903083801	0.71875	0.25	0	0	0	0	0	0	0.18468554317951202	-0.7715058326721191	-0.608826756477356	-0.9569403529167175	2.7646137823467143e-08	-0.290284663438797	0.22395633161067963	0.6362223029136658	-0.7382850646972656
0.21260753273963928	-0.8314696550369263	-0.513279914855957	0.6875	0.1875	0	0	0	0	0	0	0.18468554317951202	-0.7715058326721191	-0.608826756477356	-0.9569403529167175	2.7646137823467143e-08	-0.290284663438797	0.22395633161067963	0.6362223029136658	-0.7382850646972656
0.10838638246059418	-0.8314696550369263	-0.5448950529098511	0.71875	0.1875	0	0	0	0	0	0	0.18468554317951202	-0.7715058326721191	-0.608826756477356	-0.9569402933120728	2.7646134270753464e-08	-0.290284663438797	0.22395631670951843	0.636222243309021	-0.7382850646972656
0.16221168637275696	0.5555702447891235	-0.815493106842041	0.71875	0.6875	0	0	0	0	0	0	0.25628185272216797	0.46962833404541016	-0.8448484539985657	-0.9569404125213623	7.190800177525603e-10	-0.29028454422950745	-0.13632585108280182	0.8828642964363098	0.44940632581710815
0.3535534143447876	0.3826834261417389	-0.8535533547401428	0.6875	0.625	0	0	0	0	0	0	0.25628185272216797	0.46962833404541016	-0.8448484539985657	-0.9569403529167175	-6.278932040970631e-09	-0.29028454422950745	-0.13632585108280182	0.8828641772270203	0.44940629601478577
0.1802399605512619	0.3826834261417389	-0.906127393245697	0.71875	0.625	0	0	0	0	0	0	0.25628185272216797	0.46962833404541016	-0.8448484539985657	-0.9569404125213623	7.19076354016579e-10	-0.29028454422950745	-0.13632583618164062	0.8828641772270203	0.4494062662124634
0.10838638246059418	-0.8314696550369263	-0.5448950529098511	0.71875	0.1875	0	0	0	0	0	0	0.13735331594944	-0.8809722661972046	-0.4527934193611145	-0.9569404125213623	3.3701148538511916e-08	-0.2902846336364746	0.2557327449321747	0.47316786646842957	-0.8430379629135132
0.14644666016101837	-0.9238795042037964	-0.35355344414711	0.6875	0.12500005960464478	0	0	0	0	0	0	0.13735331594944	-0.8809722661972046	-0.4527934193611145	-0.9569402933120728	3.370114143308456e-08	-0.2902846038341522	0.2557327449321747	0.47316789627075195	-0.8430379629135132
0.0746578574180603	-0.9238795042037964	-0.3753303289413452	0.71875	0.12500005960464478	0	0	0	0	0	0	0.13735331594944	-0.8809722661972046	-0.4527934193611145	-0.9569404125213623	3.3701148538511916e-08	-0.2902846336364746	0.2557327449321747	0.47316786646842957	-0.8430379629135132
0.19134172797203064	0.19509035348892212	-0.9619396924972534	0.71875	0.5625	0	0	0	0	0	0	0.27789753675460815	0.289003849029541	-0.9161058068275452	-0.9569403529167175	1.4388292779443645e-09	-0.29028457403182983	-0.08389335870742798	0.9573279619216919	0.276559442281723
0.3535534143447876	0.3826834261417389	-0.8535533547401428	0.6875	0.625	0	0	0	0	0	0	0.27789753675460815	0.289003849029541	-0.9161058068275452	-0.9569404125213623	1.4388312763458089e-09	-0.29028457403182983	-0.08389335870742798	0.9573280215263367	0.2765594720840454
0.3753302991390228	0.19509035348892212	-0.906127393245697	0.6875	0.5625	0	0	0	0	0	0	0.27789753675460815	0.289003849029541	-0.9161058068275452	-0.9569404125213623	1.0051815380052176e-08	-0.29028457403182983	-0.08389335125684738	0.9573280215263367	0.2765594720840454
0.0746578574180603	-0.9238795042037964	-0.3753303289413452	0.71875	0.12500005960464478	0	0	0	0	0	0	0.08463842421770096	-0.9565494060516357	-0.27901536226272583	-0.9569403529167175	-5.111860446049832e-08	-0.2902846336364746	0.27767160534858704	0.2915703058242798	-0.9153607487678528
0.0746578574180603	-0.9807853102684021	-0.18023993074893951	0.6875	0.062499940395355225	0	0	0	0	0	0	0.08463842421770096	-0.9565494060516357	-0.27901536226272583	-0.9569403529167175	-5.111860446049832e-08	-0.2902846336364746	0.27767160534858704	0.2915703058242798	-0.9153607487678528
0.038060251623392105	-0.9807853102684021	-0.19134169816970825	0.71875	0.062499940395355225	0	0	0	0	0	0	0.08463842421770096	-0.9565494060516357	-0.27901536226272583	-0.9569402933120728	-5.111859735507096e-08	-0.2902846336364746	0.27767160534858704	0.2915702760219574	-0.915360689163208
0.19509033858776093	-4.371138828673793e-08	-0.9807852506637573	0.71875	0.5	0	0	0	0	0	0	0.2889004647731781	0.09754951298236847	-0.9523763060569763	-0.9569402933120728	8.289013919693389e-11	-0.2902849316596985	-0.028317153453826904	0.9952306747436523	0.09334905445575714
0.3753302991390228	0.19509035348892212	-0.906127393245697	0.6875	0.5625	0	0	0	0	0	0	0.2889004647731781	0.09754951298236847	-0.9523763060569763	-0.956940233707428	2.9900917297709384e-09	-0.2902849316596985	-0.028317149728536606	0.9952306747436523	0.09334904700517654
0.38268348574638367	-4.371138828673793e-08	-0.9238794445991516	0.6875	0.5	0	0	0	0	0	0	0.2889004647731781	0.09754951298236847	-0.9523763060569763	-0.9569403529167175	8.289014613582779e-11	-0.2902849316596985	-0.028317149728536606	0.9952306747436523	0.09334904700517654
0.038060251623392105	0.9807852506637573	-0.19134171307086945	0.71875	0.9375000596046448	0	0	0	0	0	0	0.028589259833097458	0.9951383471488953	-0.09424608200788498	-0.9569402933120728	1.4658212421636563e-08	-0.29028475284576416	-0.28887349367141724	0.09848690032958984	0.9522879719734192
-8.076808910573163e-08	1.0	1.2087801337656856e-07	0.703125	1.0	0	0	0	0	0	0	0.028589259833097458	0.9951383471488953	-0.09424608200788498	-0.9569403529167175	1.651182124362549e-08	-0.29028475284576416	-0.28887349367141724	0.09848690778017044	0.952288031578064
0.0746578648686409	0.9807852506637573	-0.1802399456501007	0.6875	0.9375000596046448	0	0	0	0	0	0	0.028589259833097458	0.9951383471488953	-0.09424608200788498	-0.9569403529167175	2.0218976715113968e-08	-0.2902847230434418	-0.28887346386909485	0.09848690032958984	0.952288031578064
0.0	-1.0	8.742277657347586e-08	0.703125	0.0	0	0	0	0	0	0	0.028589170426130295	-0.9951383471488953	-0.09424582123756409	-0.956940233707428	2.408626187389018e-08	-0.29028505086898804	0.2888737916946411	0.09848662465810776	-0.9522879123687744
0.038060251623392105	-0.9807853102684021	-0.19134169816970825	0.71875	0.062499940395355225	0	0	0	0	0	0	0.028589170426130295	-0.9951383471488953	-0.09424582123756409	-0.9569402933120728	2.5939815628817087e-08	-0.2902850806713104	0.2888738214969635	0.09848663210868835	-0.9522879719734192
0.0746578574180603	-0.9807853102684021	-0.18023993074893951	0.6875	0.062499940395355225	0	0	0	0	0	0	0.028589170426130295	-0.9951383471488953	-0.09424582123756409	-0.9569402933120728	2.5939815628817087e-08	-0.2902850806713104	0.2888738214969635	0.09848663210868835	-0.9522879719734192
0.19509033858776093	-4.371138828673793e-08	-0.9807852506637573	0.71875	0.5	0	0	0	0	0	0	0.28890007734298706	-0.09754990041255951	-0.9523763656616211	-0.9569404125213623	2.7659211726538402e-11	-0.29028454422950745	0.028317229822278023	0.9952306151390076	-0.09334943443536758
0.3753302991390228	-0.19509032368659973	-0.906127393245697	0.6875	0.4375	0	0	0	0	0	0	0.28890007734298706	-0.09754990041255951	-0.9523763656616211	-0.9569404125213623	2.934872789239762e-09	-0.29028454422950745	0.02831723354756832	0.9952306151390076	-0.09334943443536758
0.19134172797203064	-0.19509032368659973	-0.9619396924972534	0.71875	0.4375	0	0	0	0	0	0	0.28890007734298706	-0.09754990041255951	-0.9523763656616211	-0.9569403529167175	2.934872345150552e-09	-0.29028454422950745	0.02831723541021347	0.9952306747436523	-0.09334944188594818
0.038060251623392105	0.9807852506637573	-0.19134171307086945	0.71875	0.9375000596046448	0	0	0	0	0	0	0.08463830500841141	0.9565495252609253	-0.2790151834487915	-0.9569402933120728	-2.9019471270430586e-08	-0.290284663438797	-0.2776716649532318	0.29157009720802307	0.9153607487678528
0.14644664525985718	0.9238795042037964	-0.3535534143447876	0.6875	0.875	0	0	0	0	0	0	0.08463830500841141	0.9565495252609253	-0.2790151834487915	-0.9569403529167175	-2.9019474823144265e-08	-0.2902846932411194	-0.2776716649532318	0.2915700674057007	0.9153607487678528
0.0746578574180603	0.9238795042037964	-0.3753302991390228	0.71875	0.875	0	0	0	0	0	0	0.08463830500841141	0.9565495252609253	-0.2790151834487915	-0.9569403529167175	-2.9019474823144265e-08	-0.2902846932411194	-0.2776716649532318	0.2915700674057007	0.9153607487678528
0.19134172797203064	-0.19509032368659973	-0.9619396924972534	0.71875	0.4375	0	0	0	0	0	0	0.27789753675460815	-0.2890035808086395	-0.9161059260368347	-0.9569404125213623	-1.438801078279539e-09	-0.29028454422950745	0.08389326184988022	0.9573280215263367	-0.27655917406082153
0.35355344414711	-0.3826833963394165	-0.8535534143447876	0.6875	0.375	0	0	0	0	0	0	0.27789753675460815	-0.2890035808086395	-0.9161059260368347	-0.9569404125213623	-1.438801078279539e-09	-0.29028454422950745	0.08389326184988022	0.9573280215263367	-0.27655917406082153
0.1802399754524231	-0.3826833963394165	-0.9061274528503418	0.71875	0.375	0	0	0	0	0	0	0.27789753675460815	-0.2890035808086395	-0.9161059260368347	-0.9569404125213623	7.174174143642631e-09	-0.29028451442718506	0.08389326184988022	0.9573280215263367	-0.27655917406082153
0.0746578574180603	0.9238795042037964	-0.3753302991390228	0.71875	0.875	0	0	0	0	0	0	0.13735359907150269	0.8809722065925598	-0.4527933895587921	-0.9569402933120728	1.4695443084633553e-08	-0.2902851104736328	-0.2557331323623657	0.47316792607307434	0.8430377840995789
0.21260756254196167	0.8314695954322815	-0.513279914855957	0.6875	0.8125	0	0	0	0	0	0	0.13735359907150269	0.8809722065925598	-0.4527933895587921	-0.9569401741027832	1.5679333387197403e-09	-0.2902851104736328	-0.2557331621646881	0.47316795587539673	0.8430377840995789
0.10838639736175537	0.8314695954322815	-0.5448951125144958	0.71875	0.8125	0	0	0	0	0	0	0.13735359907150269	0.8809722065925598	-0.4527933895587921	-0.9569401741027832	1.5679333387197403e-09	-0.2902851104736328	-0.2557331621646881	0.47316795587539673	0.8430377840995789
0.1802399754524231	-0.3826833963394165	-0.9061274528503418	0.71875	0.375	0	0	0	0	0	0	0.2562822997570038	-0.4696284532546997	-0.8448483347892761	-0.956940233707428	1.6977580230559397e-08	-0.29028505086898804	0.1363261342048645	0.882864236831665	-0.44940635561943054
0.31818971037864685	-0.5555701851844788	-0.7681776881217957	0.6875	0.3125000596046448	0	0	0	0	0	0	0.2562822997570038	-0.4696284532546997	-0.8448483347892761	-0.956940233707428	1.6977587335986755e-08	-0.29028505086898804	0.1363261342048645	0.882864236831665	-0.44940635561943054
0.16221170127391815	-0.5555701851844788	-0.8154931664466858	0.71875	0.3125000596046448	0	0	0	0	0	0	0.2562822997570038	-0.4696284532546997	-0.8448483347892761	-0.9569402933120728	9.979587822783742e-09	-0.2902850806713104	0.1363261342048645	0.882864236831665	-0.44940632581710815
0.10838639736175537	0.8314695954322815	-0.5448951125144958	0.71875	0.8125	0	0	0	0	0	0	0.18468552827835083	0.7715058326721191	-0.6088266968727112	-0.9569403529167175	2.792082298697096e-08	-0.2902846038341522	-0.22395628690719604	0.636222243309021	0.7382851243019104
0.27059808373451233	0.7071067690849304	-0.6532814502716064	0.6875	0.7500000596046448	0	0	0	0	0	0	0.18468552827835083	0.7715058326721191	-0.6088266968727112	-0.9569402933120728	4.92816054631362e-09	-0.2902846038341522	-0.22395628690719604	0.636222243309021	0.7382851243019104
0.13794970512390137	0.7071067690849304	-0.6935198903083801	0.71875	0.7500000596046448	0	0	0	0	0	0	0.18468552827835083	0.7715058326721191	-0.6088266968727112	-0.9569403529167175	1.6424490212330056e-08	-0.2902846336364746	-0.22395627200603485	0.636222243309021	0.7382850646972656
0.16221170127391815	-0.5555701851844788	-0.8154931664466858	0.71875	0.3125000596046448	0	0	0	0	0	0	0.2248281091451645	-0.6325626373291016	-0.7411590814590454	-0.9569403529167175	-1.506103330939368e-08	-0.2902846336364746	0.18362320959568024	0.7745092511177063	-0.6053247451782227
0.27059808373451233	-0.7071067690849304	-0.6532814502716064	0.6875	0.25	0	0	0	0	0	0	0.2248281091451645	-0.6325626373291016	-0.7411590814590454	-0.9569403529167175	-3.391285474663164e-08	-0.2902846038341522	0.18362317979335785	0.7745092511177063	-0.6053247451782227
0.13794970512390137	-0.7071067690849304	-0.6935198903083801	0.71875	0.25	0	0	0	0	0	0	0.2248281091451645	-0.6325626373291016	-0.7411590814590454	-0.9569403529167175	-3.391286895748635e-08	-0.2902846038341522	0.18362317979335785	0.7745092511177063	-0.6053247451782227
0.16221168637275696	0.5555702447891235	-0.815493106842041	0.71875	0.6875	0	0	0	0	0	0	0.2248285859823227	0.6325623989105225	-0.741159200668335	-0.9569401741027832	1.3203919735360614e-08	-0.2902851402759552	-0.18362344801425934	0.7745094299316406	0.605324387550354
0.27059808373451233	0.7071067690849304	-0.6532814502716064	0.6875	0.7500000596046448	0	0	0	0	0	0	0.2248285859823227	0.6325623989105225	-0.741159200668335	-0.956940233707428	2.262983755940695e-08	-0.2902851402759552	-0.18362343311309814	0.7745093703269958	0.6053243279457092
0.3181896507740021	0.5555702447891235	-0.7681776285171509	0.6875	0.6875	0	0	0	0	0	0	0.2248285859823227	0.6325623989105225	-0.741159200668335	-0.956940233707428	3.778009016741635e-09	-0.2902851402759552	-0.18362344801425934	0.7745093703269958	0.6053243279457092
0.3753302991390228	-0.19509032368659973	-0.906127393245697	0.6875	0.4375	0	0	0	0	0	0	0.45128145813941956	-0.28900355100631714	-0.8442879319190979	-0.8819212913513184	-5.016073334473958e-09	-0.47139689326286316	0.13623535633087158	0.9573280811309814	-0.25487834215164185
0.5132800340652466	-0.3826833963394165	-0.7681777477264404	0.65625	0.375	0	0	0	0	0	0	0.45128145813941956	-0.28900355100631714	-0.8442879319190979	-0.8819212913513184	-5.016073334473958e-09	-0.47139689326286316	0.13623535633087158	0.9573280811309814	-0.25487834215164185
0.35355344414711	-0.3826833963394165	-0.8535534143447876	0.6875	0.375	0	0	0	0	0	0	0.45128145813941956	-0.28900355100631714	-0.8442879319190979	-0.8819212317466736	-1.3629055217734276e-08	-0.47139686346054077	0.1362353414297104	0.9573280215263367	-0.25487834215164185
0.14644664525985718	0.9238795042037964	-0.3535534143447876	0.6875	0.875	0	0	0	0	0	0	0.22304992377758026	0.8809722661972046	-0.4172969162464142	-0.8819212317466736	-8.423697295256716e-09	-0.47139689326286316	-0.4152875244617462	0.4731679856777191	0.7769480347633362
0.30865833163261414	0.8314695954322815	-0.4619396924972534	0.65625	0.8125	0	0	0	0	0	0	0.22304992377758026	0.8809722661972046	-0.4172969162464142	-0.8819212317466736	-8.423697295256716e-09	-0.47139689326286316	-0.4152875244617462	0.4731679856777191	0.7769480347633362
0.21260756254196167	0.8314695954322815	-0.513279914855957	0.6875	0.8125	0	0	0	0	0	0	0.22304992377758026	0.8809722661972046	-0.4172969162464142	-0.8819212317466736	4.703821332441294e-09	-0.47139686346054077	-0.41528749465942383	0.4731679856777191	0.7769480347633362
0.31818971037864685	-0.5555701851844788	-0.7681776881217957	0.6875	0.3125000596046448	0	0	0	0	0	0	0.41617923974990845	-0.4696286618709564	-0.7786165475845337	-0.8819212317466736	-3.128945991193177e-08	-0.4713967740535736	0.22138144075870514	0.8828641176223755	-0.41417554020881653
0.5132800340652466	-0.3826833963394165	-0.7681777477264404	0.65625	0.375	0	0	0	0	0	0	0.41617923974990845	-0.4696286618709564	-0.7786165475845337	-0.8819212317466736	-1.7293444898314192e-08	-0.4713967740535736	0.22138145565986633	0.8828641176223755	-0.41417554020881653
0.46193984150886536	-0.5555701851844788	-0.6913416385650635	0.65625	0.3125000596046448	0	0	0	0	0	0	0.41617923974990845	-0.4696286618709564	-0.7786165475845337	-0.8819212913513184	-1.7293439569243674e-08	-0.471396803855896	0.22138144075870514	0.8828640580177307	-0.41417551040649414
0.21260756254196167	0.8314695954322815	-0.513279914855957	0.6875	0.8125	0	0	0	0	0	0	0.2999129295349121	0.7715059518814087	-0.5610978007316589	-0.8819208145141602	-8.750390065870306e-07	-0.4713975787162781	-0.3636865019798279	0.6362220644950867	0.680406928062439
0.39284753799438477	0.7071067690849304	-0.5879377722740173	0.65625	0.75	0	0	0	0	0	0	0.2999129295349121	0.7715059518814087	-0.5610978007316589	-0.8819208145141602	-8.750390065870306e-07	-0.4713975787162781	-0.3636865019798279	0.6362220644950867	0.680406928062439
0.27059808373451233	0.7071067690849304	-0.6532814502716064	0.6875	0.7500000596046448	0	0	0	0	0	0	0.2999129295349121	0.7715059518814087	-0.5610978007316589	-0.8819208145141602	-8.520462984051846e-07	-0.4713975787162781	-0.3636865019798279	0.6362220644950867	0.680406928062439
0.31818971037864685	-0.5555701851844788	-0.7681776881217957	0.6875	0.3125000596046448	0	0	0	0	0	0	0.36510106921195984	-0.6325624585151672	-0.6830562949180603	-0.8819213509559631	1.1283106005066657e-08	-0.47139662504196167	0.298187792301178	0.7745093107223511	-0.5578703284263611
0.39284753799438477	-0.7071067690849304	-0.5879377722740173	0.65625	0.25	0	0	0	0	0	0	0.36510106921195984	-0.6325624585151672	-0.6830562949180603	-0.8819213509559631	3.013494165315933e-08	-0.47139662504196167	0.29818782210350037	0.7745093107223511	-0.5578703284263611
0.27059808373451233	-0.7071067690849304	-0.6532814502716064	0.6875	0.25	0	0	0	0	0	0	0.36510106921195984	-0.6325624585151672	-0.6830562949180603	-0.8819212913513184	1.1283077583357226e-08	-0.47139662504196167	0.298187792301178	0.7745093107223511	-0.5578702688217163
0.27059808373451233	0.7071067690849304	-0.6532814502716064	0.6875	0.7500000596046448	0	0	0	0	0	0	0.36510127782821655	0.6325623989105225	-0.6830563545227051	-0.8819212317466736	-4.522132712736493e-08	-0.4713968336582184	-0.29818791151046753	0.7745094299316406	0.5578701496124268
0.4619397521018982	0.5555702447891235	-0.6913415789604187	0.65625	0.6875	0	0	0	0	0	0	0.36510127782821655	0.6325623989105225	-0.6830563545227051	-0.8819212317466736	-4.5221341338219645e-08	-0.471396803855896	-0.29818788170814514	0.7745094299316406	0.5578701496124268
0.3181896507740021	0.5555702447891235	-0.7681776285171509	0.6875	0.6875	0	0	0	0	0	0	0.36510127782821655	0.6325623989105225	-0.6830563545227051	-0.8819212317466736	-4.522132712736493e-08	-0.471396803855896	-0.29818788170814514	0.7745094299316406	0.5578701496124268
0.27059808373451233	-0.7071067690849304	-0.6532814502716064	0.6875	0.25	0	0	0	0	0	0	0.2999131679534912	-0.7715058922767639	-0.5610978603363037	-0.8819212317466736	-1.9163238107466896e-08	-0.47139689326286316	0.3636854887008667	0.636222243309021	-0.6804074048995972
0.30865830183029175	-0.8314696550369263	-0.4619396924972534	0.65625	0.1875	0	0	0	0	0	0	0.2999131679534912	-0.7715058922767639	-0.5610978603363037	-0.8819212317466736	-1.9163238107466896e-08	-0.47139689326286316	0.3636854887008667	0.636222243309021	-0.6804074048995972
0.21260753273963928	-0.8314696550369263	-0.513279914855957	0.6875	0.1875	0	0	0	0	0	0	0.2999131679534912	-0.7715058922767639	-0.5610978603363037	-0.8819212317466736	-4.2155903656748706e-08	-0.47139686346054077	0.3636854290962219	0.636222243309021	-0.6804074048995972
0.3181896507740021	0.5555702447891235	-0.7681776285171509	0.6875	0.6875	0	0	0	0	0	0	0.416179358959198	0.4696287214756012	-0.7786164879798889	-0.8819212317466736	-6.5949308236668e-09	-0.47139689326286316	-0.2213815152645111	0.8828640580177307	0.41417554020881653
0.5132799744606018	0.3826834261417389	-0.7681776881217957	0.65625	0.625	0	0	0	0	0	0	0.416179358959198	0.4696287214756012	-0.7786164879798889	-0.8819212317466736	-2.059094761364122e-08	-0.47139692306518555	-0.2213815450668335	0.8828640580177307	0.41417554020881653
0.3535534143447876	0.3826834261417389	-0.8535533547401428	0.6875	0.625	0	0	0	0	0	0	0.416179358959198	0.4696287214756012	-0.7786164879798889	-0.8819211721420288	-6.594916612812085e-09	-0.47139689326286316	-0.2213815152645111	0.8828639984130859	0.41417551040649414
0.21260753273963928	-0.8314696550369263	-0.513279914855957	0.6875	0.1875	0	0	0	0	0	0	0.2230498492717743	-0.8809723258018494	-0.41729679703712463	-0.8819212913513184	2.1582879927706244e-09	-0.47139689326286316	0.4152875542640686	0.47316789627075195	-0.7769481539726257
0.21260759234428406	-0.9238795042037964	-0.31818968057632446	0.65625	0.12500005960464478	0	0	0	0	0	0	0.2230498492717743	-0.8809723258018494	-0.41729679703712463	-0.8819212317466736	-2.409672106296057e-08	-0.471396803855896	0.4152875244617462	0.47316789627075195	-0.7769482135772705
0.14644666016101837	-0.9238795042037964	-0.35355344414711	0.6875	0.12500005960464478	0	0	0	0	0	0	0.2230498492717743	-0.8809723258018494	-0.41729679703712463	-0.8819212913513184	-1.0969217534295694e-08	-0.47139686346054077	0.4152875244617462	0.47316786646842957	-0.7769481539726257
0.3535534143447876	0.3826834261417389	-0.8535533547401428	0.6875	0.625	0	0	0	0	0	0	0.4512813091278076	0.2890038788318634	-0.8442878723144531	-0.8819212317466736	1.864525955852514e-08	-0.4713967442512512	-0.13623547554016113	0.9573279619216919	0.2548786699771881
0.5448951125144958	0.19509035348892212	-0.815493106842041	0.65625	0.5625	0	0	0	0	0	0	0.4512813091278076	0.2890038788318634	-0.8442878723144531	-0.8819212913513184	1.864525955852514e-08	-0.4713967740535736	-0.13623546063899994	0.9573279023170471	0.2548786401748657
0.3753302991390228	0.19509035348892212	-0.906127393245697	0.6875	0.5625	0	0	0	0	0	0	0.4512813091278076	0.2890038788318634	-0.8442878723144531	-0.8819212913513184	1.0032280783889291e-08	-0.471396803855896	-0.13623547554016113	0.9573279023170471	0.2548786401748657
0.14644666016101837	-0.9238795042037964	-0.35355344414711	0.6875	0.12500005960464478	0	0	0	0	0	0	0.13744530081748962	-0.9565494656562805	-0.25714197754859924	-0.8819212913513184	-3.698965400644738e-08	-0.4713967740535736	0.45091426372528076	0.2915702164173126	-0.8436012268066406
0.10838640481233597	-0.9807853102684021	-0.16221164166927338	0.65625	0.062499940395355225	0	0	0	0	0	0	0.13744530081748962	-0.9565494656562805	-0.25714197754859924	-0.8819212317466736	-2.986280378536321e-08	-0.4713967740535736	0.45091432332992554	0.291570246219635	-0.8436012864112854
0.0746578574180603	-0.9807853102684021	-0.18023993074893951	0.6875	0.062499940395355225	0	0	0	0	0	0	0.13744530081748962	-0.9565494656562805	-0.25714197754859924	-0.8819212913513184	-2.2735957116992722e-08	-0.471396803855896	0.4509143531322479	0.291570246219635	-0.8436013460159302
0.3753302991390228	0.19509035348892212	-0.906127393245697	0.6875	0.5625	0	0	0	0	0	0	0.46914875507354736	0.09754955023527145	-0.8777148723602295	-0.8819211721420288	3.017889493861503e-09	-0.4713970422744751	-0.04598456621170044	0.9952306747436523	0.08603101223707199
0.5555702447891235	-4.371138828673793e-08	-0.8314694762229919	0.65625	0.5	0	0	0	0	0	0	0.46914875507354736	0.09754955023527145	-0.8777148723602295	-0.8819210529327393	3.017886829326244e-09	-0.4713969826698303	-0.04598456993699074	0.9952306747436523	0.08603101968765259
0.38268348574638367	-4.371138828673793e-08	-0.9238794445991516	0.6875	0.5	0	0	0	0	0	0	0.46914875507354736	0.09754955023527145	-0.8777148723602295	-0.8819210529327393	3.017886829326244e-09	-0.4713969826698303	-0.04598456993699074	0.9952306747436523	0.08603101968765259
0.0746578648686409	0.9807852506637573	-0.1802399456501007	0.6875	0.9375000596046448	0	0	0	0	0	0	0.04642639681696892	0.99513840675354	-0.08685769140720367	-0.8819212913513184	-1.527860327144026e-08	-0.47139689326286316	-0.4691050946712494	0.09848690032958984	0.8776336312294006
-8.076808910573163e-08	1.0	1.2087801337656856e-07	0.671875	1.0	0	0	0	0	0	0	0.04642639681696892	0.99513840675354	-0.08685769140720367	-0.8819212913513184	-1.527860327144026e-08	-0.47139689326286316	-0.4691050946712494	0.09848690032958984	0.8776336312294006
0.10838641226291656	0.9807852506637573	-0.16221165657043457	0.65625	0.9375000596046448	0	0	0	0	0	0	0.04642639681696892	0.99513840675354	-0.08685769140720367	-0.8819212913513184	-1.527860327144026e-08	-0.47139689326286316	-0.4691050946712494	0.09848690032958984	0.8776336312294006
0.0	-1.0	8.742277657347586e-08	0.6718749403953552	0.0	0	0	0	0	0	0	0.04642628878355026	-0.99513840675354	-0.08685744553804398	-0.8819214701652527	-4.2419063817078495e-08	-0.4713965654373169	0.4691047668457031	0.09848663210868835	-0.877633810043335
0.0746578574180603	-0.9807853102684021	-0.18023993074893951	0.6875	0.062499940395355225	0	0	0	0	0	0	0.04642628878355026	-0.99513840675354	-0.08685744553804398	-0.8819213509559631	-3.871184617310064e-08	-0.4713965356349945	0.4691047966480255	0.09848663210868835	-0.877633810043335
0.10838640481233597	-0.9807853102684021	-0.16221164166927338	0.65625	0.062499940395355225	0	0	0	0	0	0	0.04642628878355026	-0.99513840675354	-0.08685744553804398	-0.8819213509559631	-3.871184617310064e-08	-0.4713965356349945	0.4691047966480255	0.09848663210868835	-0.877633810043335
0.38268348574638367	-4.371138828673793e-08	-0.9238794445991516	0.6875	0.5	0	0	0	0	0	0	0.46914854645729065	-0.09754960238933563	-0.8777151703834534	-0.8819212317466736	0.0	-0.4713967442512512	0.04598456248641014	0.9952307343482971	-0.08603105694055557
0.5448951125144958	-0.19509032368659973	-0.815493106842041	0.65625	0.4375	0	0	0	0	0	0	0.46914854645729065	-0.09754960238933563	-0.8777151703834534	-0.8819212913513184	0.0	-0.4713967740535736	0.04598456248641014	0.9952306747436523	-0.08603105694055557
0.3753302991390228	-0.19509032368659973	-0.906127393245697	0.6875	0.4375	0	0	0	0	0	0	0.46914854645729065	-0.09754960238933563	-0.8777151703834534	-0.8819212317466736	0.0	-0.4713967442512512	0.04598456248641014	0.9952307343482971	-0.08603105694055557
0.0746578648686409	0.9807852506637573	-0.1802399456501007	0.6875	0.9375000596046448	0	0	0	0	0	0	0.13744521141052246	0.9565495252609253	-0.2571418285369873	-0.8819211721420288	1.535306459743424e-08	-0.4713967740535736	-0.4509143531322479	0.2915700674057007	0.8436012864112854
0.21260757744312286	0.9238795042037964	-0.3181896507740021	0.65625	0.875	0	0	0	0	0	0	0.13744521141052246	0.9565495252609253	-0.2571418285369873	-0.8819212317466736	1.535306637379108e-08	-0.471396803855896	-0.4509143829345703	0.2915700674057007	0.8436013460159302
0.14644664525985718	0.9238795042037964	-0.3535534143447876	0.6875	0.875	0	0	0	0	0	0	0.13744521141052246	0.9565495252609253	-0.2571418285369873	-0.8819212317466736	2.2479923700302606e-08	-0.4713967740535736	-0.4509143531322479	0.2915700674057007	0.8436013460159302
0.30865830183029175	-0.8314696550369263	-0.4619396924972534	0.65625	0.1875	0	0	0	0	0	0	0.3001745939254761	-0.8809722661972046	-0.36576369404792786	-0.7730104923248291	-1.2143518191010116e-08	-0.6343933939933777	0.5588829517364502	0.47316789627075195	-0.6810007095336914
0.2705981433391571	-0.9238795042037964	-0.27059805393218994	0.625	0.12500005960464478	0	0	0	0	0	0	0.3001745939254761	-0.8809722661972046	-0.36576369404792786	-0.7730104327201843	9.840164238994475e-10	-0.6343933939933777	0.5588829517364502	0.47316789627075195	-0.6810007095336914
0.21260759234428406	-0.9238795042037964	-0.31818968057632446	0.65625	0.12500005960464478	0	0	0	0	0	0	0.3001745939254761	-0.8809722661972046	-0.36576369404792786	-0.7730104327201843	9.840164238994475e-10	-0.6343933939933777	0.5588829517364502	0.47316789627075195	-0.6810007095336914
0.5132799744606018	0.3826834261417389	-0.7681776881217957	0.65625	0.625	0	0	0	0	0	0	0.607322633266449	0.28900399804115295	-0.7400243282318115	-0.77301025390625	0.0	-0.6343935132026672	-0.18334224820137024	0.9573278427124023	0.22340302169322968
